           0  0.17453292519943295     
   4.0000000000000001E-002  0.17453292519943295     
   8.0000000000000002E-002  0.17174039839624203     
  0.12000000000000000       0.16615534478986016     
  0.16000000000000000       0.15782244480913843     
  0.20000000000000001       0.14683105931177895     
  0.23999999999999999       0.13331451469747324     
  0.28000000000000003       0.11744867313417907     
  0.32000000000000001        9.9449799335725328E-002
  0.35999999999999999        7.9571746767124724E-002
  0.40000000000000002        5.8102497409152506E-002
  0.44000000000000000        3.5360100102906300E-002
  0.47999999999999998        1.1688062838113647E-002
  0.52000000000000002       -1.2549736028325507E-002
  0.56000000000000005       -3.6974543900174475E-002
  0.59999999999999998       -6.1198555995570239E-002
  0.64000000000000001       -8.4830975388563212E-002
  0.68000000000000005      -0.10748421788562706     
  0.71999999999999997      -0.12878016477647392     
  0.76000000000000001      -0.14835636418115072     
  0.80000000000000004      -0.16587208094940395     
  0.83999999999999997      -0.18101409589075876     
  0.88000000000000000      -0.19350215753692310     
  0.92000000000000004      -0.20309399364883529     
  0.95999999999999996      -0.20958979524015672     
   1.0000000000000000      -0.21283609293309680     
   1.0400000000000000      -0.21272895390219437     
   1.0800000000000001      -0.20921643738436238     
   1.1200000000000001      -0.20230025760409528     
   1.1599999999999999      -0.19203661482567838     
   1.2000000000000000      -0.17853616792559596     
   1.2400000000000000      -0.16196313518830269     
   1.2800000000000000      -0.14253352376419989     
   1.3200000000000001      -0.12051250217708424     
   1.3600000000000001       -9.6210944209741397E-002
   1.4000000000000001       -6.9981186207565202E-002
   1.4399999999999999       -4.2212053098033143E-002
   1.4800000000000000       -1.3323221009180042E-002
   1.5200000000000000        1.6241003929241594E-002
   1.5600000000000001        4.6018400403810111E-002
   1.6000000000000001        7.5535940815510766E-002
   1.6400000000000001       0.10431718682075046     
   1.6799999999999999       0.13188985777294199     
   1.7200000000000000       0.15779345373600151     
   1.7600000000000000       0.18158681197469395     
   1.8000000000000000       0.20285547495361037     
   1.8400000000000001       0.22121874894093169     
   1.8800000000000001       0.23633633532899523     
   1.9199999999999999       0.24791442173400388     
   1.9600000000000000       0.25571112677374858     
   2.0000000000000000       0.25954120106574924     
   2.0400000000000000       0.25927989732936990     
   2.0800000000000001       0.25486593437593857     
   2.1200000000000001       0.24630349306523736     
   2.1600000000000001       0.23366319680452111     
   2.2000000000000002       0.21708204465476105     
   2.2400000000000002       0.19676228135612867     
   2.2800000000000002       0.17296920534302010     
   2.3199999999999998       0.14602793282821347     
   2.3599999999999999       0.11631915302791852     
   2.3999999999999999        8.4273926302372154E-002
   2.4399999999999999        5.0367593128379101E-002
   2.4800000000000000        1.5112877133548093E-002
   2.5200000000000000       -2.0947720351336983E-002
   2.5600000000000001       -5.7250123870358834E-002
   2.6000000000000001       -9.3217363863759284E-002
   2.6400000000000001      -0.12826860187523401     
   2.6800000000000002      -0.16182836206488857     
   2.7200000000000002      -0.19333582462453941     
   2.7600000000000002      -0.22225403339115202     
   2.8000000000000003      -0.24807886896377199     
   2.8399999999999999      -0.27034764000213352     
   2.8799999999999999      -0.28864714913707468     
   2.9199999999999999      -0.30262109603198173     
   2.9600000000000000      -0.31197668854069560     
   3.0000000000000000      -0.31649034351289773     
   3.0400000000000000      -0.31601237146844874     
   3.0800000000000001      -0.31047055392779338     
   3.1200000000000001      -0.29987253844364287     
   3.1600000000000001      -0.28430699409664767     
   3.2000000000000002      -0.26394348913455418     
   3.2400000000000002      -0.23903107226691431     
   3.2800000000000002      -0.20989555957312156     
   3.3200000000000003      -0.17693554972305819     
   3.3599999999999999      -0.14061721091982488     
   3.3999999999999999      -0.10146790332102262     
   3.4399999999999999       -6.0068720347503185E-002
   3.4800000000000000       -1.7046050920847385E-002
   3.5200000000000000        2.6937718031368463E-002
   3.5600000000000001        7.1194223798317871E-002
   3.6000000000000001       0.11501972607676539     
   3.6400000000000001       0.15770612077443982     
   3.6800000000000002       0.19855219985488601     
   3.7200000000000002       0.23687498100294116     
   3.7600000000000002       0.27202092695331814     
   3.8000000000000003       0.30337687320764806     
   3.8399999999999999       0.33038048463072489     
   3.8799999999999999       0.35253006608247933     
   3.9199999999999999       0.36939355978014221     
   3.9600000000000000       0.38061657242048541     
   4.0000000000000000       0.38592928810434635     
   4.0400000000000000       0.38515213862947950     
   4.0800000000000001       0.37820012054494312     
   4.1200000000000001       0.36508566824233507     
   4.1600000000000001       0.34592001401100791     
   4.2000000000000002       0.32091298908780341     
   4.2400000000000002       0.29037124394042274     
   4.2800000000000002       0.25469489096763726     
   4.3200000000000003       0.21437259809180498     
   4.3600000000000003       0.16997518696049052     
   4.4000000000000004       0.12214781425970718     
   4.4400000000000004        7.1600838567556002E-002
   4.4800000000000004        1.9099497847249500E-002
   4.5200000000000005       -3.4547456290137897E-002
   4.5600000000000005       -8.8500002393081284E-002
   4.6000000000000005      -0.14189978919538249     
   4.6399999999999997      -0.19388357595939437     
   4.6799999999999997      -0.24359696609628012     
   4.7199999999999998      -0.29020821901781557     
   4.7599999999999998      -0.33292192048181057     
   4.7999999999999998      -0.37099229044152049     
   4.8399999999999999      -0.40373590967352146     
   4.8799999999999999      -0.43054365225845809     
   4.9199999999999999      -0.45089162028861834     
   4.9600000000000000      -0.46435088988264328     
   5.0000000000000000      -0.47059589355205034     
   5.0400000000000000      -0.46941128298333512     
   5.0800000000000001      -0.46069713811778706     
   5.1200000000000001      -0.44447241272450566     
   5.1600000000000001      -0.42087653312133966     
   5.2000000000000002      -0.39016909491458157     
   5.2400000000000002      -0.35272763217788206     
   5.2800000000000002      -0.30904346392254922     
   5.3200000000000003      -0.25971565355237025     
   5.3600000000000003      -0.20544314775943051     
   5.4000000000000004      -0.14701519150965286     
   5.4400000000000004       -8.5300144895724322E-002
   5.4800000000000004       -2.1232855217641330E-002
   5.5200000000000005        4.4199236778773257E-002
   5.5600000000000005       0.10997105445867010     
   5.6000000000000005       0.17503568435010658     
   5.6399999999999997       0.23834077737020432     
   5.6799999999999997       0.29884529944070037     
   5.7199999999999998       0.35553636907327313     
   5.7599999999999998       0.40744591391479468     
   5.7999999999999998       0.45366687685114387     
   5.8399999999999999       0.49336870516485637     
   5.8799999999999999       0.52581186344895059     
   5.9199999999999999       0.55036112245040703     
   5.9600000000000000       0.56649739163668034     
   6.0000000000000000       0.57382788286374709     
   6.0400000000000000       0.57209441582462695     
   6.0800000000000001       0.56117970265968686     
   6.1200000000000001       0.54111147884155275     
   6.1600000000000001       0.51206437978086361     
   6.2000000000000002       0.47435949705870967     
   6.2400000000000002       0.42846158426006187     
   6.2800000000000002       0.37497391950847475     
   6.3200000000000003       0.31463086940872664     
   6.3600000000000003       0.24828823659684293     
   6.4000000000000004       0.17691150987441959     
   6.4400000000000004       0.10156217136644675     
   6.4800000000000004        2.3382248700483207E-002
   6.5200000000000005       -5.6422668707343485E-002
   6.5600000000000005      -0.13660170209437791     
   6.6000000000000005      -0.21587797278209486     
   6.6400000000000006      -0.29296861623630177     
   6.6799999999999997      -0.36660521212599517     
   6.7199999999999998      -0.43555431015590773     
   6.7599999999999998      -0.49863772479180435     
   6.7999999999999998      -0.55475227046520648     
   6.8399999999999999      -0.60288861254193971     
   6.8799999999999999      -0.64214891829122966     
   6.9199999999999999      -0.67176300623984853     
   6.9600000000000000      -0.69110271149580771     
   7.0000000000000000      -0.69969420865192933     
   7.0400000000000000      -0.69722806242411806     
   7.0800000000000001      -0.68356680885787591     
   7.1200000000000001      -0.65874990629284791     
   7.1600000000000001      -0.62299593478609383     
   7.2000000000000002      -0.57670196477865421     
   7.2400000000000002      -0.52044005981463703     
   7.2800000000000002      -0.45495092341416143     
   7.3200000000000003      -0.38113474605665165     
   7.3600000000000003      -0.30003935392451531     
   7.4000000000000004      -0.21284580585547253     
   7.4400000000000004      -0.12085162812363749     
   7.4800000000000004       -2.5451917498114887E-002
   7.5200000000000005        7.1881419177385913E-002
   7.5600000000000005       0.16962198653285654     
   7.6000000000000005       0.26621245118148901     
   7.6400000000000006       0.36008896404559576     
   7.6799999999999997       0.44970607769079868     
   7.7199999999999998       0.53356176791127208     
   7.7599999999999998       0.61022216088869263     
   7.7999999999999998       0.67834556557953285     
   7.8399999999999999       0.73670541569615400     
   7.8799999999999999       0.78421173676350264     
   7.9199999999999999       0.81993077117971280     
   7.9600000000000000       0.84310241780770689     
   8.0000000000000000       0.85315517209682568     
   8.0400000000000009       0.84971828770102109     
   8.0800000000000001       0.83263092055166732     
   8.1200000000000010       0.80194806079909720     
   8.1600000000000001       0.75794310631770045     
   8.1999999999999993       0.70110698286351814     
   8.2400000000000002       0.63214376970825259     
   8.2799999999999994       0.55196284482717073     
   8.3200000000000003       0.46166761963075686     
   8.3599999999999994       0.36254098891710823     
   8.4000000000000004       0.25602767628936751     
   8.4399999999999995       0.14371370783895304     
   8.4800000000000004        2.7303296567908697E-002
   8.5199999999999996       -9.1406534028558903E-002
   8.5600000000000005      -0.21055321737011304     
   8.5999999999999996      -0.32823739616721026     
   8.6400000000000006      -0.44255272348638564     
   8.6799999999999997      -0.55161625246688561     
   8.7200000000000006      -0.65359893787160350     
   8.7599999999999998      -0.74675576323685122     
   8.8000000000000007      -0.82945500559615326     
   8.8399999999999999      -0.90020615574366569     
   8.8800000000000008      -0.95768602580163964     
   8.9199999999999999       -1.0007625973677150     
   8.9600000000000009       -1.0285161925209640     
   9.0000000000000000       -1.0402575861163297     
   9.0400000000000009       -1.0355427206313599     
   9.0800000000000001       -1.0141837337685289     
   9.1200000000000010      -0.97625606337559601     
   9.1600000000000001      -0.92210145324236670     
   9.2000000000000011      -0.85232674609512782     
   9.2400000000000002      -0.76779841569601115     
   9.2799999999999994      -0.66963285735937239     
   9.3200000000000003      -0.55918252437159743     
   9.3599999999999994      -0.43801806566607254     
   9.4000000000000004      -0.30790668657060205     
   9.4399999999999995      -0.17078701842447444     
   9.4800000000000004       -2.8740843293217189E-002
   9.5199999999999996       0.11603792413283165     
   9.5600000000000005       0.26127654505157194     
   9.5999999999999996       0.40465855918418692     
   9.6400000000000006       0.54386014859597676     
   9.6799999999999997       0.67658720106081960     
   9.7200000000000006       0.80061249114812683     
   9.7599999999999998       0.91381238601846093     
   9.8000000000000007        1.0142024810304251     
   9.8399999999999999        1.0999715778660939     
   9.8800000000000008        1.1695134350052758     
   9.9199999999999999        1.2214557468986003     
   9.9600000000000009        1.2546858438318402     
   10.000000000000000        1.2683726488147027     
