# h Derivada simétrica 3 pontos Derivada para frente 2 pontos Derivada para trás 2 pontos Derivada simétrica 5 pontos Derivada segunda simétrica 5 pontos Derivada terceira anti-simétrica 5 pontos
  0.50000000000000000        4.7595197069736361E-002  0.11799187423450475        3.5198338582384192E-002   2.3021700457261929E-003   1.2554077149968257E-003   7.1002290888944275E-002
  0.20000000000000001        3.0666886787544145E-002   4.1754806457442006E-002   5.5439598349489305E-003   6.7609476993135686E-005   2.8758809410112107E-005   1.2725480605659256E-002
  0.10000000000000001        1.6945254931275855E-002   1.9710782290713436E-002   1.3827636797187903E-003   4.3017053574789799E-006   1.7671296708710038E-006   3.2293148603204092E-003
   5.0000000000000003E-002   8.8463764016304403E-003   9.5373531777238618E-003   3.4548838804671078E-004   2.7004251168527560E-007   1.0997185806438381E-007   8.1031715195600817E-004
   1.0000000000000000E-002   1.8263392914090737E-003   1.8539731716411545E-003   1.3816940116040399E-005   4.3266523697127468E-010   1.7767687321423864E-010   3.2450682052931334E-005
   5.0000000000000001E-003   9.1665176672295345E-004   9.2356019622163998E-004   3.4542147493432651E-006   2.7039703809350613E-011   3.5568770151428453E-012   8.1131500632158904E-006
   1.0000000000000000E-003   1.8388481165354520E-004   1.8416114827735086E-004   1.3816831190283096E-007   1.4632739464559563E-013   2.9768365550353337E-010   3.8866234719492354E-007
   5.0000000000000001E-004   9.1976975867158473E-005   9.2046060053529999E-005   3.4542093185763179E-008   1.6653345369377348E-014   2.0127899347244238E-011   1.6644916511765473E-007
   1.0000000000000000E-004   1.8400925725803319E-005   1.8403689185486627E-005   1.3817298416540780E-009   4.2743586448068527E-013   2.0744290951668631E-008   1.1740600056553419E-004
   5.0000000000000002E-005   9.2008117218433938E-006   9.2014990644706529E-006   3.4367131362955661E-010   2.7182700534922333E-012   4.0317975402714978E-008   1.4369062339096850E-003
   1.0000000000000001E-005   1.8402506722914325E-006   1.8402718811039165E-006   1.0604406242009645E-011   1.1599832205888561E-011   5.4071763321283939E-006  0.17019080597693326
#   9.9999999999999995E-007   1.8441964444448899E-007   1.8417439973106298E-007   1.2262235671300914E-010   1.4112599977522677E-010   3.8140270733855175E-004   110.19329254632996
   9.9999999999999995E-008   1.8774369170415639E-008   1.8973213666839683E-008   9.9422248212022168E-011   2.8445934496801328E-010   2.2026598673012487E-002  0.82900991618570741
#   1.0000000000000000E-008   3.4317491515167831E-008   1.0091429469838431E-008   1.2113031022664700E-008   1.7664145923745878E-008   2.0374371120066526        222044604.09602135
